38.897222	-77.019347
38.9268	-77.0322
38.9177645	-77.032096
38.9366839345886	-77.02418088912964
38.922925	-77.042581
38.9172	-77.0259
38.9126	-77.0135
38.923203	-77.047637
38.8851	-77.0023
38.889955	-77.000349
38.9086	-77.0323
38.90980062655191	-77.03442692756653
38.913046	-77.032008
38.944551	-77.063896
38.9155	-77.0222
38.926102	-77.03665
38.9308	-77.0315
38.934881	-77.072755
38.915544	-77.038252
38.905697	-77.005483
38.932456900063606	-76.99353396892548
38.934267	-77.057979
38.90304	-77.019027
38.890461	-76.988355
38.947774	-77.032818
38.8763	-77.0037
38.90276	-77.03863
38.90506687455313	-77.04177886247635
38.90042673988099	-76.98825001716614
38.900412	-77.001949
38.927872	-77.043358
38.9319	-77.0388
38.9375	-77.0328
38.9003	-77.0429
38.90071062547463	-77.04644858837128
38.9101	-77.0444
38.8803	-76.9862
38.89696	-77.00493
38.9154	-77.0446
38.9121	-77.0387
38.899408	-77.015289
38.929464	-77.027822
38.876697	-77.0178975
38.894919	-77.046587
38.894832	-76.987633
38.8963	-77.045
38.905737	-77.02227
38.886266	-77.022241
38.900283	-77.029822
38.922581	-77.070334
38.8997	-77.023086
38.886952	-76.996806
38.947607	-77.079382
38.903827	-77.053485
38.899632	-77.031686
38.893028	-77.026013
38.8840581	-76.9863852
38.898409	-77.032278
38.9346	-76.9955
38.897293	-77.05557
38.902314	-77.0591415
38.8923	-77.0436
38.938736	-77.087171
38.90375	-77.06269
38.8792	-76.9953
38.90774	-77.071652
38.916442	-77.0682
38.89903234416315	-77.03335404396057
38.897446	-77.009888
38.8952	-77.0436
38.910972	-77.00495
38.919077	-77.000648
38.900413	-76.982872
38.8896	-76.9769
38.873057	-76.971015
38.901385	-76.941877
38.933668	-76.991016
38.861663	-76.969184
38.9055785	-77.027313
38.865784	-76.9784
38.862669	-76.994637
38.897063	-76.947446
38.867373	-76.988039
38.894	-76.947974
38.858971	-77.05323
38.878	-76.9607
38.844015	-77.050537
38.897857	-77.026975
38.893438	-77.076389
38.894514	-77.031617
38.902061	-77.038322
38.89728304853854	-77.02219069004059
38.898364	-77.027869
38.895344	-77.016106
38.8692	-76.9599
38.881185	-77.001828
38.86559	-76.952103
38.892459	-77.046567
38.891696	-77.0846
38.889396070923496	-77.09186241030693
38.920669	-77.04368
38.905995699991145	-77.03980207443237
38.9059	-77.0325
38.8881	-77.09308
38.88701007722296	-77.09525674581528
38.89968	-77.041539
38.912719	-77.022155
38.88412	-77.017445
38.915417	-77.012289
38.9418	-77.0251
38.92812111132096	-77.0237946510315
38.899972	-76.998347
38.917761	-77.04062
38.905126	-77.056887
38.930282	-77.055599
38.889935	-76.93723
38.896544	-76.96012
38.88732	-76.983569
38.844711	-76.987823
38.88637194054526	-77.01770067214966
38.878854378063295	-77.00572729110718
38.922649	-77.077271
38.908905	-77.04478
38.928743	-77.012457
38.89484064247075	-76.99591577053069
38.884734	-77.093485
38.88412	-77.04657
38.8885525	-77.032427
38.888774	-77.028694
38.85033657788445	-77.1009886264801
38.876393	-77.107735
38.885801	-77.097745
38.88081	-77.090792
38.87887	-77.1207
38.879819	-77.037413
38.866611	-76.985238
38.883921	-77.116817
38.880012	-77.107854
38.903584	-77.044789
38.903819	-77.0284
38.902204	-77.04337
38.901539	-77.046564
38.902	-77.03353
38.9066	-77.05152
38.90509	-76.9941
38.895914	-77.026064
38.90088	-77.048911
38.803124	-77.040363
38.804718	-77.043363
38.80576284873485	-77.060626745224
38.805648	-77.05293
38.805317	-77.049883
38.811456	-77.050276
38.884961	-77.08777
38.889365	-77.077294
38.888255	-77.0494365
38.894722	-77.045128
38.896104	-77.049882
38.954812	-77.082426
38.943837	-77.077078
38.9024	-77.02622
38.863833	-77.080319
38.894573	-77.01994
38.918809	-77.041571
38.942475355602845	-77.03267812728882
38.956432	-77.032947
38.949662	-77.027333
38.84232	-77.089555
38.90849	-77.063586
38.955016	-77.069956
38.987	-77.029417
38.90093	-77.018677
38.908142	-77.038359
38.912659	-77.017669
38.889988	-76.995193
38.897274	-76.994749
38.889908	-76.983326
38.928644	-76.990955
38.897195	-76.983575
38.927095	-76.978924
38.84322988730829	-76.99937582015991
38.863897	-76.990037
38.903732	-76.987211
38.916787	-77.028139
38.867262	-77.072315
38.894851	-77.02324
38.917622	-77.01597
38.887378	-77.001955
38.892275	-77.013917
38.918155	-77.004746
38.886978	-77.013769
38.887312	-77.025762
38.927497	-76.997194
38.862478	-77.086599
39.084125	-77.151291
38.981103	-77.097426
38.988562	-77.096539
38.98954	-77.098029
38.983627	-77.006311
38.983525	-77.095367
39.094772	-77.145213
38.98128	-77.011336
38.985404	-77.023082
39.096312	-77.192672
39.093783	-77.202501
38.87501	-77.0024
38.921074	-77.031887
38.920387	-77.025672
38.876737	-76.994468
39.099376	-77.188014
38.982456	-77.091991
39.123513	-77.15741
38.983838	-77.09221
38.977093	-77.094589
38.992375	-77.100104
38.990639	-77.100239
39.076331	-77.141378
39.102212	-77.177091
38.975	-77.01121
38.977933	-77.006472
38.990249	-77.02935
38.997033	-77.025608
38.989724	-77.023854
38.999388	-77.031555
39.083673	-77.149162
39.114688	-77.171487
38.923583	-77.050046
38.90733256111448	-77.01536044478416
39.110314	-77.182669
38.878433	-77.03023
38.898536	-76.931862
38.908473	-76.933099
38.999634	-77.109647
38.96115	-77.088659
38.873755	-77.089233
38.899703	-77.008911
38.869418	-77.095596
38.94113915653008	-77.061977237463
38.873219	-77.082104
39.103091	-77.196442
39.097636	-77.196636
38.900358	-77.012108
38.975219	-77.016855
38.952369	-77.002721
38.997445	-77.023894
39.085394	-77.145803
38.920682	-76.995876
38.866471	-77.076131
38.964992	-77.103381
39.119765	-77.166093
38.9037315	-77.0675285
38.89824328774852	-77.02623546123505
38.901755	-77.051084
38.804378	-77.060866
38.801111	-77.068952
38.802677	-77.063562
38.820064	-77.057619
38.833077	-77.059821
38.82595	-77.058541
38.82175	-77.047494
38.820932	-77.053096
38.898282949523605	-77.03973233699799
38.903649	-77.034918
38.912648	-77.041834
38.898412	-77.043182
38.913761	-77.027025
38.86215024521491	-77.06812083721161
38.89967	-77.003666
38.90864	-77.02277
38.961339	-77.027855
38.894474	-76.974828
38.8962260397813	-76.99278563261032
38.915604	-76.983683
38.946182	-77.08059
38.994113	-77.076986
38.80704	-77.059817
39.105295	-77.194774
38.999378	-77.097882
38.876528	-77.12712
38.884829	-77.127671
38.928893	-77.03625
38.958267	-77.084636
38.912652	-77.036278
38.999679	-77.051168
38.979875	-77.093522
38.903658	-77.031737
38.908643	-77.012365
38.831516	-77.008133
38.893511	-77.041544
38.909394	-77.048728
38.995681	-77.038721
38.925284	-77.032375
38.88432272414662	-77.02601015567778
38.90843	-77.02714
38.947156	-77.065115
38.894972	-77.003135
38.812711	-77.061715
38.822738	-77.049265
38.8904955	-77.0172465
38.890539	-77.049383
38.888097	-77.038325
38.841291	-77.063093
38.843422	-77.064016
38.797557	-77.053766
38.818748	-77.047783
38.928552	-77.032224
38.901136451737045	-77.03445106744766
38.897407	-76.925907
38.870695	-76.982359
38.91263	-76.971923
38.880992	-77.135271
38.884916	-77.005965
38.949813	-77.080217
38.962095	-77.358815
38.957037	-77.359718
38.929261	-77.240654
38.892441	-77.048947
38.891805	-76.913563
38.959633	-77.358741
38.960084	-77.353414
38.960574	-77.356324
38.955079	-77.351649
38.955314	-77.368416
38.962524	-77.361902
38.932636	-77.231825
38.92403	-77.235955
38.931911	-77.219261
38.924437	-77.217664
38.928919	-77.225394
38.923083	-77.227417
38.89386	-77.070862
38.990874	-77.016311
