390.664817970597
420.088086001020
594.350906451736
320.249902419970
546.936010882443
396.751811590067
355.971909004067
382.500980390900
354.677318135795
387.882714232021
528.109837060436
715.027971480837
473.705604780015
222.436507794921
395.862349813669
493.598014582717
449.396261666694
236.660093805441
603.893202478716
454.504125393819
155.884572681199
245.517820127175
506.954633078740
389.146501975798
130.276628755890
291.158032690153
469.443287309554
404.482385277777
347.696706915668
376.665634216874
194.437650674966
393.504764901265
252.402456406430
339.798469684606
449.777722880980
931.429546449972
260.115359023646
984.327181378225
501.944220008558
590.991539702558
342.966470664408
412.706917800029
389.250561977757
318.880855493082
355.834231068345
361.278286089823
440.629095725645
433.973501495195
387.700915655354
206.470336852537
547.113333780123
398.697880606356
263.920442557980
453.896463965077
370.637289003684
517.159549848980
270.035182892896
439.685114599073
125.698050899765
203.901937214927
428.351491184518
512.287028920311
193.633674757259
430.418401093634
212.866155130401
327.913098244032
223.262177719380
571.232001904655
542.764221370569
241.513974750945
230.876590411414
159.737284313963
196.068865452932
199.005025062183
48.590122453025
24.899799195977
98.239503256073
38.314488121336
377.000000000000
50.734603575863
89.498603341058
45.585085280166
75.848533275206
36.715119501372
69.375788283810
24.515301344263
54.166410255803
283.067129847321
139.194109070751
485.504891839413
423.754645992230
526.969638594103
498.093364741993
278.506732414138
32.434549480454
249.146543223060
27.477263328068
327.158982759147
153.251427399551
88.617154095581
333.418655746795
443.407262006386
653.934247459177
103.169763012231
126.499011853848
390.568815959493
375.761892692700
354.643482951541
332.428939775104
193.558776602871
268.760116088679
296.533303357313
383.521837709406
447.234837641255
239.140126285824
51.652686280580
78.472925267254
220.551581268419
38.288379438153
587.547444892751
318.356718163760
211.213162468630
387.600309597400
130.694299799188
344.152582439824
96.498704654519
508.055115120397
983.415476795032
675.081476564126
90.631120482978
80.074964876670
97.549987186058
66.007575322837
73.776690085690
613.355524960850
57.758116312775
72.277243998371
102.669372258722
253.051378182376
324.810714109002
266.127788853400
272.844277931570
328.779561408552
302.792007820550
170.639971870602
340.276358273683
407.759733176291
138.050715318683
140.321060429288
215.582930678660
89.095454429505
118.549567692168
70.228199464318
80.043738043647
87.572826835726
1009.699955432306
184.173830931541
252.226089055038
80.616375507709
143.031465069753
331.882509331239
74.578817367936
328.330626046368
329.300774368965
147.570322219612
113.061929932228
96.643675426797
78.332624110265
255.176409567969
158.842689476098
68.687699044298
384.100247331344
362.144998584821
226.216710258106
207.870151777498
274.959997090486
188.896797220069
96.031244915392
185.625968010944
53.907327887774
28.248893783651
48.826222462935
126.530628703093
348.706180042740
76.596344560299
305.036063441686
218.362084620934
321.161952914725
441.386451989637
161.133485036475
371.400053850292
219.360433989359
91.667878779865
64.652919500978
32.062439083763
106.470653233649
64.412731660752
59.833101206606
52.019227214560
80.727938162696
24.000000000000
53.879495172097
75.445344455440
37.576588456112
22.671568097509
217.225689088561
288.955013799726
182.909813842779
105.080921198855
33.166247903554
65.429351211822
14.866068747319
56.080299571240
61.081912216302
61.717096496838
48.764741360946
29.308701779506
24.041630560343
81.104870383966
114.065770501058
64.676116148081
60.588777838804
56.727418414731
38.496753109840
27.349588662355
44.575778176045
334.291788711598
213.478336137417
57.792733107200
172.389094782704
23.259406699226
21.189620100417
53.516352641039
64.366140167016
56.524331044250
194.486503387767
57.122675007391
115.238882327103
54.479353887505
27.404379212089
15.779733838060
184.805302954217
174.436234767894
50.685303589897
30.822070014845
23.937418407172
105.095194942490
34.971416900091
94.725920423082
63.686733312363
225.273167510025
217.715410570772
235.295558819116
58.728187440104
53.591044027897
91.219515455850
51.507281038704
52.810983706044
68.388595540485
58.163562476863
57.201398584300
340.302806335769
234.401365183738
260.733580499329
177.214559221301
180.859061149836
24.186773244896
156.406521603161
231.041121880933
46.021733996015
67.000000000000
114.153405555857
52.383203414835
38.366652186502
33.555923471125
53.460265618495
14.387494569938
28.160255680657
22.494443758404
19.924858845171
101.892099791888
36.083237105337
122.245654319489
18.708286933870
42.941821107168
120.871832947135
102.718060729358
11.532562594671
102.815368501017
116.769002736171
25.748786379167
94.164749243016
82.012194215251
107.656862298694
49.879855653360
127.828009450198
25.865034312755
23.173260452513
226.861191039807
251.694258973064
199.869957722515
12.961481396816
18.000000000000
21.424285285629
17.492855684536
102.771591405407
68.556546004010
8.124038404636
21.424285285629
43.749285708455
10.908712114636
64.621977685614
23.958297101422
5.099019513593
6.000000000000
5.477225575052
41.976183723631
4.898979485566
5.477225575052
8.366600265341
8.426149773176
10.295630140987
6.403124237433
7.937253933194
3.605551275464
2.236067977500
7.348469228350
6.633249580711
5.567764362830
2.828427124746
13.379088160260
3.872983346207
