121.778487426967
177.580967448654
209.499403340439
164.969694186538
183.621894119410
136.660162446852
193.902037121842
98.402235746959
59.447455790807
177.011299074381
117.843116048414
241.770552383867
268.052233715744
403.116608439791
138.054337128538
182.912547409958
238.861884778631
221.171878863476
248.292166610226
246.225506396068
161.916645222164
353.452967168193
205.983009008025
223.273375036075
253.035570621998
109.412065148228
208.038457983133
162.311429049220
167.547008329006
113.710157857599
300.990033057575
236.619948440532
110.702303499069
112.071405808975
389.780707577992
358.177330382591
212.602916254693
249.210754182078
110.670682658055
254.527012318929
201.848953428052
142.084481911291
265.684022854217
232.028015549847
188.244521832642
171.577970613946
140.826133938272
361.838361703123
239.802001659703
203.612376834023
280.435375799845
180.770572826442
209.675940441435
315.130131850320
264.039769731758
385.836753044600
453.789598823067
76.550636836019
222.975334958825
270.022221307803
218.394139115499
254.186939082243
214.790595697298
211.153972257213
319.361863722017
80.876448982383
86.544786093675
99.267315869827
109.119200876839
189.037033408801
221.479118654559
146.253205093085
222.040536839560
204.090666126602
364.108500312750
185.135085815736
63.929648833698
61.204574992397
131.912850018488
57.922361830298
71.000000000000
139.050350592870
199.401604807985
622.480521783614
150.389494313931
228.792482393981
141.661568535718
172.255624001076
197.246039250475
159.267071298495
217.593657995816
264.782929963395
226.722297094926
146.106125812712
203.884771378345
60.199667773170
71.400280111495
419.206393081022
214.585647236715
164.362404460387
168.721664287666
205.341179503771
228.265196646357
481.482086894206
93.760332763915
137.579068175359
65.398776746970
183.330303005259
250.808692034387
327.404948038358
176.456793578485
163.566500237671
293.155248972281
317.952826689747
243.261176516106
227.171741200353
348.278624092837
264.612924854399
216.279911226170
272.627951611716
200.920382241325
291.212980479923
186.547581061776
64.117080407642
192.761510680945
142.404353866025
194.984614777679
136.693086877135
187.384631173424
171.869136263612
119.808180021232
208.060087474749
361.387603550537
61.481704595758
152.787434038274
281.662919107219
123.223374405995
263.643698957513
99.262278837431
163.881054426679
193.051806518354
58.335238064141
72.208032794143
62.872887638473
70.377553239652
171.633330096459
59.380131357214
88.583294136084
177.411949992102
87.806605674061
97.590983190047
185.588253938659
215.571333901333
238.922581603330
139.542108340099
265.785627903391
298.038588105634
198.967334002343
362.800220507099
217.687849913586
138.621787609308
135.790279475373
163.548158045268
185.140487198235
219.070764822694
220.261208568372
195.466109594477
313.019168742108
83.354663936699
121.708668549122
186.748493969831
194.961534667739
199.529446448388
96.353515763567
152.036179904653
202.445054273993
305.820208619378
146.679923643285
162.302187292716
89.364422450996
151.960521188893
107.772909397492
146.177973716973
250.481536245688
144.924118075633
170.923959701383
243.078176725102
167.394743047684
163.722325905785
262.893514564357
227.580754898124
132.608446186508
189.000000000000
141.982393274659
158.262440269320
96.483159152258
170.029409220876
227.563178040737
67.029844099476
251.926576605169
337.758789670972
77.317527120311
58.830264320331
158.404545389329
67.082039324994
226.011061676193
221.679949476717
200.758561461274
267.142284185787
110.168053445634
18.574175621007
282.189652538856
168.872733145407
217.391352173908
178.726047346211
185.067555233217
142.712998707196
183.177509536515
170.299735760218
105.910339438602
118.131282901694
170.252753281702
114.254102770973
225.279825994251
142.712998707196
110.403804282280
66.483080554379
124.683599563054
301.129540231443
193.775643464291
193.556193390963
123.089398406199
183.319393409426
114.869491162797
413.960143008962
90.005555384098
34.249087579087
84.616783205225
184.187404563939
133.154046127033
153.437283604735
373.499665327829
125.083971794951
218.910940795566
171.172427686237
146.673105919252
99.292497198932
163.566500237671
134.603120320444
186.636009387256
84.053554356731
200.491895098031
146.792370373940
225.153281121995
167.299133291240
166.946099085903
53.898051912847
125.964280651302
149.147577922003
118.033893437436
128.249756335051
75.683551713698
85.568685861126
67.668308682869
178.033704674143
40.681691213616
65.939366087338
87.269696917086
108.138799697426
39.560080889705
92.130342450248
152.427031723379
83.318665375773
101.276848292194
59.598657703005
216.658717802908
121.876987163287
132.698907305222
179.582849960680
358.297362535646
151.145625143436
164.134091522755
123.515181253156
115.165098879826
102.146952964834
129.799845916704
35.749125863439
56.435804238090
240.430863243470
177.752637111239
112.933608815091
174.527934726794
84.681757185358
84.717176534632
148.131698160792
58.103356185336
49.699094559157
13.892443989450
53.591044027897
308.525525686287
132.864592725075
186.812740464884
145.392572024846
193.925243328454
104.699570199691
86.867715521936
231.231485745346
315.502773363405
198.688197938378
342.026314777094
308.016233338439
255.522993094555
122.196562963121
240.012499674496
39.648455203198
306.517536203069
48.445846055157
23.323807579381
36.221540552550
228.890803659736
252.909074570289
202.348708916069
46.497311750251
249.625719828707
553.519647347770
131.022898762010
92.190021151966
221.422672732491
191.864535545264
91.065910196956
152.653201735175
29.103264421710
59.363288318623
95.592886764654
162.748271880226
63.804388563797
